0
10001     7    8    10   6    10   10   
10002     9    9    8    10   6    6    
10003     7    8    7    7    6    8    
10004     8    7    7    10   8    9    
10005     8    8    7    7    9    6    
10006     8    7    7    9    10   8    
10007     8    10   6    10   9    7    
10008     8    9    9    10   7    7    
10009     9    9    8    10   8    8    
10010     8    10   9    7    10   9    
10011     7    6    6    8    9    7    
10012     6    8    10   9    7    6    
10013     6    10   6    6    7    7    
10014     9    9    10   9    10   10   
10015     7    6    7    7    7    9    
10016     10   10   7    9    8    9    
10017     9    8    10   7    9    6    
10018     10   9    10   6    8    7    
10019     9    7    7    6    10   8    
10020     6    10   8    9    8    8    
10021     7    6    7    7    6    8    
10022     6    10   7    8    6    6    
10023     7    10   7    6    8    7    
10024     8    8    8    8    9    9    
10025     6    10   10   9    7    9    
10026     8    7    7    6    9    9    
10027     6    7    8    6    6    10   
10028     10   8    9    9    6    7    
10029     8    6    7    7    10   6    
10030     7    7    9    10   9    10   
10031     7    10   9    10   9    9    
10032     6    9    8    8    9    9    
10033     9    9    8    7    6    8    
10034     9    10   10   7    6    7    
10035     6    10   10   7    9    9    
10036     10   9    10   10   10   8    
10037     6    6    9    9    9    8    
10038     10   9    9    6    9    9    
10039     6    7    9    7    10   9    
10040     10   8    8    8    9    8    
