1
10001     10.0 10.0 9.0  9.0  10.0 9.0  9.5  4.0  A   
10034     9.0  9.0  10.0 8.0  10.0 8.0  9.0  4.0  A   
10023     8.0  9.0  9.0  9.0  8.0  10.0 8.8  4.0  A   
10009     10.0 9.0  10.0 7.0  9.0  8.0  8.8  4.0  A   
10022     8.0  9.0  10.0 9.0  7.0  9.0  8.7  4.0  A   
10019     10.0 5.0  10.0 10.0 7.0  9.0  8.5  4.0  A   
10005     9.0  9.0  8.0  7.0  7.0  10.0 8.3  3.0  B   
10021     9.0  5.0  10.0 5.0  10.0 10.0 8.2  3.0  B   
10027     5.0  10.0 5.0  10.0 9.0  10.0 8.2  3.0  B   
10012     9.0  7.0  9.0  9.0  7.0  8.0  8.2  3.0  B   
10017     7.0  5.0  8.0  10.0 8.0  10.0 8.0  3.0  B   
10025     10.0 10.0 6.0  7.0  10.0 5.0  8.0  3.0  B   
10010     8.0  6.0  10.0 8.0  6.0  9.0  7.8  3.0  B   
10006     10.0 5.0  10.0 5.0  8.0  9.0  7.8  3.0  B   
10026     7.0  9.0  7.0  9.0  8.0  7.0  7.8  3.0  B   
10014     8.0  7.0  8.0  10.0 5.0  9.0  7.8  3.0  B   
10015     5.0  7.0  9.0  7.0  10.0 9.0  7.8  3.0  B   
10035     7.0  10.0 6.0  7.0  9.0  8.0  7.8  3.0  B   
10024     6.0  8.0  6.0  10.0 8.0  8.0  7.7  3.0  B   
10002     5.0  5.0  9.0  7.0  10.0 10.0 7.7  3.0  B   
10039     5.0  7.0  7.0  10.0 10.0 7.0  7.7  3.0  B   
10011     9.0  10.0 7.0  5.0  5.0  9.0  7.5  3.0  B   
10007     10.0 6.0  6.0  5.0  10.0 8.0  7.5  3.0  B   
10016     5.0  8.0  7.0  6.0  10.0 9.0  7.5  3.0  B   
10028     5.0  10.0 7.0  8.0  6.0  8.0  7.3  3.0  B   
10033     5.0  6.0  10.0 8.0  5.0  10.0 7.3  3.0  B   
10008     7.0  8.0  8.0  7.0  8.0  6.0  7.3  3.0  B   
10020     5.0  8.0  10.0 8.0  8.0  5.0  7.3  3.0  B   
10036     7.0  9.0  5.0  10.0 6.0  7.0  7.3  3.0  B   
10037     8.0  6.0  8.0  8.0  6.0  8.0  7.3  3.0  B   
10013     7.0  8.0  9.0  7.0  5.0  8.0  7.3  3.0  B   
10003     6.0  8.0  6.0  10.0 6.0  7.0  7.2  3.0  B   
10029     7.0  7.0  6.0  7.0  7.0  9.0  7.2  3.0  B   
10004     8.0  5.0  8.0  5.0  7.0  8.0  6.8  2.0  C   
10038     9.0  10.0 7.0  5.0  5.0  5.0  6.8  2.0  C   
10032     5.0  7.0  6.0  10.0 7.0  6.0  6.8  2.0  C   
10030     5.0  8.0  5.0  8.0  5.0  9.0  6.7  2.0  C   
10040     6.0  6.0  5.0  5.0  9.0  9.0  6.7  2.0  C   
10031     6.0  5.0  10.0 6.0  5.0  7.0  6.5  2.0  C   
10018     6.0  5.0  5.0  8.0  8.0  7.0  6.5  2.0  C   
