0
10001     10   5    10   9    7    6    
10002     9    4    9    10   4    9    
10003     10   10   4    5    10   4    
10004     8    8    6    6    7    10   
10005     9    10   9    9    10   5    
10006     5    9    5    6    4    8    
10007     9    4    8    7    7    8    
10008     8    6    9    6    4    8    
10009     5    5    8    5    4    8    
10010     7    4    5    8    9    5    
10011     7    8    4    5    5    10   
10012     7    7    4    7    10   9    
10013     4    6    7    10   9    4    
10014     9    10   5    6    8    8    
10015     7    7    7    9    5    6    
10016     8    5    4    8    4    10   
10017     8    7    8    4    7    4    
10018     9    10   7    8    9    7    
10019     9    4    6    7    6    8    
10020     9    9    6    9    5    10   
10021     8    8    9    6    8    5    
10022     6    10   10   9    5    6    
10023     5    7    5    4    10   4    
10024     7    8    5    6    9    6    
10025     4    9    6    4    5    7    
10026     7    9    7    7    9    10   
10027     8    10   6    7    5    7    
10028     6    10   6    5    5    6    
10029     8    8    5    5    5    6    
10030     8    8    10   5    9    9    
10031     4    6    8    8    4    5    
10032     9    5    8    9    8    8    
10033     5    10   10   10   6    6    
10034     4    5    5    4    4    4    
10035     10   10   10   4    10   4    
10036     5    8    10   7    6    9    
10037     7    7    10   4    7    9    
10038     9    8    4    4    8    7    
10039     4    4    4    4    7    5    
10040     6    8    8    8    6    4    
