0
10001     10   10   9    9    10   9    
10002     5    5    9    7    10   10   
10003     6    8    6    10   6    7    
10004     8    5    8    5    7    8    
10005     9    9    8    7    7    10   
10006     10   5    10   5    8    9    
10007     10   6    6    5    10   8    
10008     7    8    8    7    8    6    
10009     10   9    10   7    9    8    
10010     8    6    10   8    6    9    
10011     9    10   7    5    5    9    
10012     9    7    9    9    7    8    
10013     7    8    9    7    5    8    
10014     8    7    8    10   5    9    
10015     5    7    9    7    10   9    
10016     5    8    7    6    10   9    
10017     7    5    8    10   8    10   
10018     6    5    5    5    8    7    
10019     10   5    10   10   7    9    
10020     5    8    10   8    8    5    
10021     9    5    10   5    10   10   
10022     8    9    10   9    7    9    
10023     8    9    9    9    8    10   
10024     6    8    6    10   8    8    
10025     10   10   6    7    10   5    
10026     7    9    7    9    8    7    
10027     5    10   5    10   9    10   
10028     5    10   7    8    6    8    
10029     7    7    6    7    7    9    
10030     5    8    5    8    5    9    
10031     6    5    10   6    5    7    
10032     5    7    6    10   7    6    
10033     5    6    10   8    5    10   
10034     6    9    10   7    10   8    
10035     7    10   6    7    9    8    
10036     7    9    5    10   6    7    
10037     8    6    8    8    6    8    
10038     9    10   7    5    5    5    
10039     5    7    7    10   10   7    
10040     6    7    8    5    9    8    
